# LEM1 RBE scorer

s:Sc/tabulatedAlpha/Quantity                   = "RBE_TabulatedAlphaBeta"
s:Sc/tabulatedAlpha/Component                  = "Patient"
s:Sc/tabulatedAlpha/OutputQuantity             = "alpha"
d:Sc/tabulatedAlpha/PrescribedDose             = Sc/PrescribedDose Gy
sv:Sc/tabulatedAlpha/CellLines                 = Sc/CellLines
s:Sc/tabulatedAlpha/OutputType                 = Sim/DoseScorerOutputType
s:Sc/tabulatedAlpha/OutputFile                 = Sim/ScoreLabel + "_alpha_LEM"
s:Sc/tabulatedAlpha/IfOutputFileAlreadyExists  = "Overwrite"
s:Sc/tabulatedAlpha/ModelName                  = "HCP"

s:Sc/tabulatedBeta/Quantity                   = "RBE_TabulatedAlphaBeta"
s:Sc/tabulatedBeta/Component                  = "Patient"
s:Sc/tabulatedBeta/OutputQuantity             = "beta"
d:Sc/tabulatedBeta/PrescribedDose             = Sc/PrescribedDose Gy
sv:Sc/tabulatedBeta/CellLines                 = Sc/CellLines
s:Sc/tabulatedBeta/OutputType                 = Sim/DoseScorerOutputType
s:Sc/tabulatedBeta/OutputFile                 = Sim/ScoreLabel + "_beta_LEM"
s:Sc/tabulatedBeta/IfOutputFileAlreadyExists  = "Overwrite"
s:Sc/tabulatedBeta/ModelName                  = "HCP"

### HCP Tabulated ###
sv:Sc/CellGeneric_abR2/HCP/ParticleName 		= 6 "Proton" "Helium" "Lithium" "Beryllium" "Boron" "Carbon"
iv:Sc/CellGeneric_abR2/HCP/ParticleZ    		= 6 1 2 3 4 5 6
dv:Sc/CellGeneric_abR2/HCP/KineticEnergyPerNucleon 	= 47 0.100000 0.150000 0.200000 0.300000 0.400000 0.500000 0.700000 1.000000 1.200000 1.500000 2.000000 2.500000 3.000000 4.000000 5.000000 6.000000 7.000000 8.000000 10.000000 12.000000 15.000000 20.000000 25.000000 30.000000 40.000000 50.000000 60.000000 70.000000 80.000000 90.000000 100.000000 120.000000 130.000000 135.000000 150.000000 195.000000 200.000000 250.000000 270.000000 300.000000 330.000000 400.000000 500.000000 600.000000 700.000000 800.000000 1000.000000  MeV

dv:Sc/CellGeneric_abR2/HCP/Proton/Alpha 	= 47 2.308845 2.390171 2.463645 2.577182 2.655502 2.714839 2.782313 2.791844 2.737733 2.536192 2.142743 1.858891 1.656422 1.386902 1.212994 1.089392 0.995815 0.921785 0.810650 0.729909 0.641518 0.535075 0.462409 0.408556 0.332361 0.279763 0.240530 0.211457 0.190242 0.174102 0.161435 0.142809 0.135762 0.132650 0.124614 0.108156 0.106797 0.096230 0.093105 0.089195 0.085988 0.080334 0.074914 0.071211 0.068495 0.066403 0.063335 /Gy
dv:Sc/CellGeneric_abR2/HCP/Helium/Alpha 	= 47 1.811607 1.754004 1.749945 1.816906 1.913199 2.008110 2.158532 2.300212 2.358353 2.397787 2.318896 2.147940 1.989490 1.745876 1.573090 1.444104 1.343424 1.262091 1.137468 1.045227 0.942822 0.819160 0.733956 0.670476 0.580246 0.517693 0.470877 0.434048 0.404038 0.378915 0.357315 0.322258 0.307759 0.301105 0.283137 0.242143 0.238461 0.208014 0.198329 0.185732 0.175186 0.157010 0.140207 0.129181 0.121385 0.115576 0.107404 /Gy
dv:Sc/CellGeneric_abR2/HCP/Lithium/Alpha 	= 47 1.556660 1.444698 1.392603 1.371546 1.394535 1.434271 1.530588 1.681878 1.773688 1.885584 1.991073 1.987858 1.930658 1.791943 1.668040 1.564845 1.478852 1.406275 1.290255 1.201041 1.099087 0.972888 0.884140 0.817201 0.721013 0.653700 0.603023 0.562990 0.530267 0.502805 0.479163 0.440678 0.424718 0.417386 0.397556 0.352130 0.348036 0.314070 0.303219 0.289061 0.276935 0.254381 0.231314 0.214813 0.202417 0.192770 0.178600 /Gy
dv:Sc/CellGeneric_abR2/HCP/Beryllium/Alpha 	= 47 1.234311 1.075644 1.020168 1.017877 1.058924 1.107935 1.200394 1.319981 1.390962 1.483777 1.601899 1.673560 1.695997 1.670935 1.615895 1.555611 1.497781 1.444499 1.352132 1.275988 1.184408 1.065512 0.979022 0.912478 0.815199 0.746141 0.693697 0.652023 0.617814 0.589013 0.564165 0.523586 0.506711 0.498949 0.477926 0.429601 0.425233 0.388909 0.377267 0.362047 0.348981 0.324587 0.299483 0.281393 0.267705 0.256975 0.241070 /Gy
dv:Sc/CellGeneric_abR2/HCP/Boron/Alpha 		= 47 1.009289 0.851915 0.794128 0.779231 0.804362 0.837739 0.904064 0.995586 1.053071 1.132160 1.244105 1.337391 1.404706 1.466127 1.476930 1.463485 1.439378 1.410923 1.351622 1.295670 1.222037 1.118335 1.038833 0.975807 0.881308 0.812823 0.760172 0.717993 0.683167 0.653720 0.628237 0.586453 0.569018 0.560988 0.539204 0.488940 0.484384 0.446407 0.434201 0.418216 0.404466 0.378719 0.352100 0.332817 0.318153 0.306601 0.289374 /Gy
dv:Sc/CellGeneric_abR2/HCP/Carbon/Alpha 	= 47 0.851410 0.701875 0.645541 0.623389 0.637832 0.660121 0.706402 0.773170 0.816735 0.878491 0.970260 1.056288 1.134175 1.239802 1.297856 1.324186 1.331964 1.328845 1.306054 1.274260 1.223693 1.141270 1.072678 1.015841 0.927468 0.861555 0.810028 0.768296 0.733573 0.704046 0.678388 0.636103 0.618386 0.610211 0.587995 0.536511 0.531829 0.492712 0.480102 0.463561 0.449307 0.422546 0.394766 0.374556 0.359128 0.346928 0.328651 /Gy

dv:Sc/CellGeneric_abR2/HCP/Proton/Beta 		= 47 0.000252 0.000020 0.000040 0.000122 0.000137 0.000064 0.000139 0.001096 0.002482 0.006408 0.013677 0.018889 0.022595 0.027505 0.030651 0.032872 0.034543 0.035859 0.037821 0.039237 0.040778 0.042616 0.043863 0.044783 0.046078 0.046969 0.047632 0.048122 0.048479 0.048751 0.048964 0.049277 0.049396 0.049448 0.049583 0.049859 0.049882 0.050059 0.050111 0.050177 0.050231 0.050325 0.050416 0.050478 0.050523 0.050558 0.050610 /Gy2
dv:Sc/CellGeneric_abR2/HCP/Helium/Beta 		= 47 0.000155 0.000011 0.000020 0.000058 0.000062 0.000010 -0.000030 0.000144 0.000392 0.001146 0.004200 0.008400 0.012138 0.017740 0.021617 0.024451 0.026624 0.028350 0.030943 0.032819 0.034856 0.037242 0.038847 0.040024 0.041669 0.042791 0.043622 0.044270 0.044796 0.045233 0.045608 0.046214 0.046463 0.046578 0.046886 0.047586 0.047649 0.048167 0.048331 0.048545 0.048723 0.049030 0.049314 0.049500 0.049631 0.049729 0.049867 /Gy2
dv:Sc/CellGeneric_abR2/HCP/Lithium/Beta 	= 47 0.000115 0.000007 0.000013 0.000033 0.000032 0.000003 -0.000026 0.000016 0.000076 0.000275 0.001190 0.003348 0.006113 0.011171 0.015158 0.018268 0.020742 0.022755 0.025838 0.028100 0.030574 0.033455 0.035389 0.036800 0.038760 0.040086 0.041063 0.041821 0.042433 0.042942 0.043376 0.044075 0.044363 0.044495 0.044850 0.045655 0.045727 0.046322 0.046511 0.046758 0.046968 0.047357 0.047754 0.048036 0.048248 0.048413 0.048654 /Gy2
dv:Sc/CellGeneric_abR2/HCP/Beryllium/Beta 	= 47 0.000072 0.000004 0.000007 0.000018 0.000018 0.000001 -0.000018 0.000000 0.000023 0.000095 0.000427 0.001301 0.002911 0.006679 0.010204 0.013220 0.015760 0.017906 0.021311 0.023884 0.026751 0.030113 0.032382 0.034036 0.036326 0.037866 0.038993 0.039864 0.040564 0.041143 0.041636 0.042427 0.042752 0.042900 0.043298 0.044201 0.044281 0.044946 0.045157 0.045431 0.045666 0.046101 0.046544 0.046862 0.047101 0.047287 0.047563 /Gy2
dv:Sc/CellGeneric_abR2/HCP/Boron/Beta 		= 47 0.000048 0.000003 0.000004 0.000011 0.000011 0.000001 -0.000011 -0.000003 0.000005 0.000032 0.000160 0.000503 0.001304 0.003778 0.006551 0.009187 0.011567 0.013678 0.017189 0.019954 0.023128 0.026924 0.029521 0.031425 0.034062 0.035831 0.037121 0.038113 0.038907 0.039562 0.040117 0.041006 0.041368 0.041534 0.041978 0.042979 0.043069 0.043802 0.044035 0.044337 0.044595 0.045072 0.045560 0.045909 0.046172 0.046378 0.046684 /Gy2
dv:Sc/CellGeneric_abR2/HCP/Carbon/Beta 		= 47 0.000034 0.000002 0.000003 0.000007 0.000007 0.000000 -0.000007 -0.000003 0.000000 0.000011 0.000066 0.000211 0.000581 0.002071 0.004058 0.006165 0.008217 0.010140 0.013526 0.016333 0.019683 0.023818 0.026713 0.028858 0.031849 0.033859 0.035322 0.036444 0.037340 0.038077 0.038701 0.039694 0.040098 0.040282 0.040775 0.041882 0.041980 0.042787 0.043041 0.043372 0.043653 0.044174 0.044705 0.045085 0.045371 0.045596 0.045929 /Gy2
