# LEM1 RBE scorer Remo Survival

s:Sc/tabulatedAlpha/Quantity                   = "RBE_TabulatedAlphaBeta"
s:Sc/tabulatedAlpha/Component                  = "Patient"
s:Sc/tabulatedAlpha/OutputQuantity             = "alpha"
d:Sc/tabulatedAlpha/PrescribedDose             = Sc/PrescribedDose Gy
sv:Sc/tabulatedAlpha/CellLines                 = Sc/CellLines
s:Sc/tabulatedAlpha/OutputType                 = Sim/DoseScorerOutputType
s:Sc/tabulatedAlpha/OutputFile                 = Sim/ScoreLabel + "_alpha_LEM"
s:Sc/tabulatedAlpha/IfOutputFileAlreadyExists  = "Overwrite"
s:Sc/tabulatedAlpha/ModelName                  = "HCP"

s:Sc/tabulatedBeta/Quantity                   = "RBE_TabulatedAlphaBeta"
s:Sc/tabulatedBeta/Component                  = "Patient"
s:Sc/tabulatedBeta/OutputQuantity             = "beta"
d:Sc/tabulatedBeta/PrescribedDose             = Sc/PrescribedDose Gy
sv:Sc/tabulatedBeta/CellLines                 = Sc/CellLines
s:Sc/tabulatedBeta/OutputType                 = Sim/DoseScorerOutputType
s:Sc/tabulatedBeta/OutputFile                 = Sim/ScoreLabel + "_beta_LEM"
s:Sc/tabulatedBeta/IfOutputFileAlreadyExists  = "Overwrite"
s:Sc/tabulatedBeta/ModelName                  = "HCP"

#s:Sc/RBE/Quantity                   = "RBE_TabulatedAlphaBeta"
#s:Sc/RBE/Component                  = "Patient"
#s:Sc/RBE/OutputQuantity             = "rbe"
#d:Sc/RBE/PrescribedDose             = Sc/PrescribedDose Gy
#sv:Sc/RBE/CellLines                 = Sc/CellLines
#s:Sc/RBE/OutputType                 = Sim/DoseScorerOutputType
#s:Sc/RBE/OutputFile                 = Sim/ScoreLabel + "_RBE_LEM"
#s:Sc/RBE/IfOutputFileAlreadyExists  = "Overwrite"
#s:Sc/RBE/ModelName                  = "HCP"

### Survival generated table ###
sv:Sc/CellGeneric_abR2/HCP/ParticleName 		= 6 "Proton" "Helium" "Lithium" "Beryllium" "Boron" "Carbon"
iv:Sc/CellGeneric_abR2/HCP/ParticleZ    		= 6 1 2 3 4 5 6
dv:Sc/CellGeneric_abR2/HCP/KineticEnergyPerNucleon 	= 250 0.100 0.103 0.107 0.111 0.115 0.119 0.123 0.127 0.132 0.136 0.141 0.146 0.151 0.156 0.162 0.167 0.173 0.179 0.185 0.192 0.199 0.205 0.213 0.220 0.228 0.236 0.244 0.252 0.261 0.270 0.280 0.289 0.300 0.310 0.321 0.332 0.344 0.356 0.368 0.381 0.394 0.408 0.422 0.437 0.452 0.468 0.484 0.501 0.518 0.537 0.555 0.575 0.595 0.615 0.637 0.659 0.682 0.706 0.730 0.756 0.782 0.810 0.838 0.867 0.897 0.929 0.961 0.995 1.029 1.065 1.102 1.141 1.181 1.222 1.264 1.308 1.354 1.401 1.450 1.501 1.553 1.607 1.663 1.721 1.781 1.843 1.908 1.974 2.043 2.114 2.188 2.265 2.344 2.425 2.510 2.597 2.688 2.782 2.879 2.979 3.083 3.191 3.302 3.417 3.536 3.660 3.787 3.919 4.056 4.198 4.344 4.495 4.652 4.815 4.982 5.156 5.336 5.522 5.715 5.914 6.120 6.334 6.555 6.783 7.020 7.265 7.518 7.781 8.052 8.333 8.623 8.924 9.235 9.558 9.891 10.236 10.593 10.962 11.345 11.741 12.150 12.574 13.012 13.466 13.936 14.422 14.925 15.446 15.984 16.542 17.119 17.716 18.334 18.973 19.635 20.320 21.029 21.762 22.521 23.307 24.120 24.961 25.832 26.733 27.665 28.630 29.629 30.662 31.732 32.838 33.984 35.169 36.396 37.665 38.979 40.339 41.746 43.202 44.709 46.268 47.882 49.552 51.280 53.069 54.920 56.836 58.818 60.870 62.993 65.190 67.464 69.817 72.252 74.772 77.380 80.079 82.872 85.763 88.754 91.850 95.053 98.369 101.800 105.351 109.025 112.828 116.763 120.836 125.051 129.413 133.926 138.598 143.432 148.435 153.612 158.970 164.515 170.253 176.192 182.337 188.697 195.279 202.090 209.139 216.433 223.982 231.795 239.880 248.247 256.905 265.866 275.140 284.736 294.668 304.946 315.582 326.590 337.981 349.769 361.969 374.595 387.660 401.182 415.175 429.656 444.642 460.151 476.201 492.811 510.000 MeV 

dv:Sc/CellGeneric_abR2/HCP/Proton/Alpha 	= 250 2.277 2.281 2.284 2.288 2.292 2.296 2.300 2.305 2.311 2.316 2.322 2.328 2.334 2.341 2.347 2.354 2.361 2.368 2.375 2.383 2.390 2.398 2.405 2.413 2.421 2.428 2.436 2.444 2.451 2.459 2.466 2.474 2.481 2.488 2.496 2.503 2.475 2.811 2.601 2.420 2.263 2.685 2.536 2.773 2.639 2.517 2.728 2.790 2.680 2.705 2.715 2.716 2.668 2.657 2.754 2.722 2.664 2.708 2.701 2.713 2.704 2.718 2.686 2.705 2.693 2.690 2.683 2.665 2.663 2.648 2.628 2.604 2.577 2.551 2.517 2.484 2.442 2.405 2.364 2.320 2.277 2.233 2.190 2.146 2.102 2.059 2.017 1.975 1.934 1.894 1.854 1.815 1.778 1.741 1.704 1.669 1.634 1.600 1.567 1.534 1.503 1.472 1.442 1.413 1.384 1.356 1.329 1.302 1.276 1.251 1.226 1.202 1.178 1.155 1.132 1.110 1.089 1.067 1.047 1.027 1.007 0.987 0.968 0.950 0.931 0.914 0.897 0.880 0.862 0.846 0.830 0.814 0.799 0.784 0.769 0.754 0.740 0.725 0.712 0.698 0.685 0.672 0.659 0.646 0.634 0.622 0.610 0.598 0.586 0.575 0.564 0.553 0.542 0.532 0.521 0.511 0.501 0.491 0.481 0.472 0.463 0.453 0.444 0.435 0.426 0.418 0.409 0.401 0.392 0.384 0.376 0.368 0.360 0.352 0.345 0.337 0.330 0.323 0.316 0.309 0.302 0.295 0.289 0.282 0.275 0.269 0.263 0.257 0.251 0.245 0.239 0.234 0.229 0.224 0.220 0.215 0.211 0.207 0.203 0.199 0.195 0.192 0.188 0.185 0.182 0.179 0.176 0.174 0.171 0.169 0.166 0.164 0.162 0.160 0.158 0.156 0.154 0.152 0.150 0.149 0.147 0.146 0.144 0.143 0.141 0.140 0.139 0.138 0.136 0.135 0.134 0.133 0.132 0.131 0.131 0.130 0.129 0.128 0.127 0.127 0.126 0.125 0.125 0.124 0.123 0.123 0.122 0.122 0.121 0.121 /Gy
dv:Sc/CellGeneric_abR2/HCP/Helium/Alpha 	= 250 1.617 1.609 1.602 1.595 1.588 1.583 1.577 1.572 1.569 1.565 1.562 1.559 1.557 1.557 1.556 1.556 1.557 1.559 1.561 1.564 1.567 1.571 1.577 1.582 1.588 1.594 1.602 1.609 1.617 1.626 1.636 1.645 1.656 1.666 1.677 1.689 1.687 1.820 1.755 1.693 1.633 1.821 1.772 1.880 1.838 1.797 1.900 1.940 1.905 1.929 1.947 1.961 1.951 1.959 2.021 2.019 2.004 2.041 2.051 2.073 2.083 2.106 2.104 2.132 2.141 2.157 2.171 2.179 2.198 2.210 2.220 2.228 2.234 2.245 2.251 2.261 2.260 2.271 2.272 2.271 2.266 2.260 2.252 2.238 2.222 2.202 2.183 2.161 2.137 2.112 2.087 2.061 2.035 2.008 1.981 1.954 1.927 1.899 1.872 1.845 1.818 1.790 1.764 1.737 1.711 1.685 1.659 1.634 1.608 1.584 1.559 1.535 1.511 1.488 1.465 1.442 1.420 1.398 1.376 1.355 1.334 1.313 1.293 1.272 1.253 1.233 1.214 1.195 1.177 1.159 1.141 1.123 1.106 1.089 1.072 1.056 1.040 1.023 1.007 0.992 0.977 0.962 0.947 0.933 0.918 0.904 0.890 0.877 0.863 0.850 0.837 0.824 0.812 0.800 0.787 0.775 0.764 0.752 0.740 0.729 0.718 0.707 0.696 0.685 0.675 0.665 0.654 0.644 0.634 0.624 0.615 0.605 0.596 0.587 0.578 0.569 0.560 0.551 0.543 0.535 0.526 0.518 0.510 0.502 0.494 0.486 0.479 0.471 0.464 0.457 0.449 0.442 0.435 0.428 0.422 0.415 0.408 0.402 0.395 0.389 0.383 0.377 0.371 0.365 0.359 0.353 0.348 0.342 0.337 0.331 0.326 0.321 0.315 0.310 0.305 0.300 0.295 0.291 0.286 0.282 0.277 0.273 0.268 0.264 0.260 0.255 0.252 0.248 0.244 0.240 0.236 0.232 0.229 0.225 0.222 0.218 0.215 0.212 0.209 0.206 0.203 0.201 0.198 0.196 0.193 0.191 0.189 0.187 0.185 0.183 /Gy
dv:Sc/CellGeneric_abR2/HCP/Lithium/Alpha 	= 250 1.249 1.239 1.228 1.217 1.207 1.198 1.189 1.179 1.172 1.164 1.156 1.150 1.143 1.137 1.132 1.127 1.122 1.118 1.114 1.112 1.109 1.107 1.105 1.104 1.104 1.104 1.104 1.105 1.107 1.109 1.112 1.115 1.119 1.123 1.127 1.133 1.136 1.169 1.160 1.148 1.134 1.192 1.186 1.219 1.217 1.213 1.249 1.267 1.268 1.284 1.299 1.313 1.320 1.333 1.363 1.374 1.380 1.405 1.420 1.440 1.457 1.477 1.489 1.513 1.529 1.550 1.568 1.585 1.606 1.625 1.643 1.662 1.677 1.696 1.714 1.733 1.746 1.767 1.784 1.798 1.812 1.826 1.839 1.851 1.860 1.867 1.875 1.879 1.878 1.875 1.870 1.865 1.859 1.852 1.845 1.838 1.828 1.818 1.808 1.795 1.782 1.769 1.755 1.740 1.725 1.709 1.693 1.677 1.660 1.644 1.626 1.609 1.592 1.574 1.557 1.539 1.521 1.504 1.486 1.469 1.451 1.434 1.416 1.399 1.382 1.364 1.347 1.330 1.314 1.297 1.280 1.264 1.248 1.232 1.216 1.200 1.185 1.169 1.154 1.139 1.124 1.109 1.094 1.080 1.066 1.052 1.038 1.024 1.010 0.997 0.984 0.971 0.958 0.945 0.932 0.920 0.908 0.895 0.883 0.872 0.860 0.848 0.837 0.826 0.815 0.804 0.793 0.782 0.772 0.761 0.751 0.741 0.731 0.721 0.711 0.702 0.692 0.683 0.673 0.664 0.655 0.646 0.638 0.629 0.621 0.612 0.604 0.596 0.588 0.580 0.572 0.564 0.556 0.549 0.541 0.534 0.527 0.520 0.513 0.506 0.499 0.492 0.486 0.479 0.473 0.466 0.460 0.454 0.448 0.442 0.436 0.430 0.424 0.419 0.413 0.408 0.402 0.397 0.392 0.387 0.382 0.377 0.372 0.367 0.362 0.357 0.353 0.348 0.344 0.340 0.336 0.331 0.327 0.323 0.320 0.316 0.312 0.308 0.304 0.301 0.297 0.294 0.290 0.287 0.284 0.281 0.278 0.275 0.272 0.269 /Gy
dv:Sc/CellGeneric_abR2/HCP/Beryllium/Alpha 	= 250 1.092 1.075 1.058 1.041 1.025 1.009 0.993 0.979 0.964 0.949 0.936 0.922 0.910 0.898 0.886 0.875 0.865 0.855 0.847 0.838 0.831 0.824 0.818 0.812 0.808 0.804 0.800 0.796 0.794 0.793 0.791 0.791 0.791 0.792 0.793 0.795 0.797 0.796 0.803 0.808 0.810 0.817 0.823 0.828 0.836 0.842 0.850 0.858 0.866 0.875 0.885 0.894 0.904 0.914 0.926 0.937 0.947 0.960 0.972 0.985 0.998 1.011 1.024 1.039 1.054 1.068 1.084 1.099 1.115 1.132 1.149 1.165 1.181 1.200 1.217 1.235 1.252 1.272 1.291 1.309 1.328 1.347 1.366 1.384 1.402 1.419 1.438 1.455 1.467 1.477 1.487 1.497 1.507 1.516 1.525 1.533 1.541 1.548 1.552 1.556 1.559 1.560 1.561 1.561 1.559 1.557 1.554 1.550 1.545 1.540 1.533 1.527 1.519 1.511 1.503 1.494 1.485 1.476 1.466 1.456 1.445 1.434 1.423 1.412 1.400 1.389 1.377 1.365 1.352 1.340 1.327 1.315 1.302 1.289 1.276 1.263 1.250 1.237 1.224 1.211 1.198 1.185 1.171 1.158 1.145 1.132 1.119 1.106 1.093 1.080 1.067 1.054 1.041 1.029 1.016 1.004 0.992 0.979 0.967 0.956 0.944 0.932 0.921 0.910 0.899 0.889 0.878 0.868 0.857 0.847 0.836 0.826 0.816 0.806 0.796 0.786 0.776 0.767 0.757 0.748 0.739 0.729 0.720 0.711 0.702 0.694 0.685 0.676 0.668 0.660 0.652 0.644 0.635 0.628 0.620 0.612 0.605 0.597 0.590 0.582 0.575 0.568 0.561 0.554 0.547 0.540 0.534 0.527 0.521 0.515 0.508 0.502 0.496 0.490 0.484 0.478 0.472 0.467 0.461 0.456 0.450 0.445 0.440 0.435 0.430 0.425 0.420 0.415 0.410 0.406 0.401 0.396 0.392 0.388 0.383 0.379 0.375 0.371 0.367 0.363 0.359 0.356 0.352 0.348 0.345 0.341 0.338 0.335 0.332 0.328 /Gy
dv:Sc/CellGeneric_abR2/HCP/Boron/Alpha 	= 250 0.817 0.805 0.792 0.780 0.769 0.757 0.747 0.736 0.726 0.717 0.708 0.699 0.691 0.684 0.677 0.670 0.664 0.658 0.652 0.648 0.644 0.639 0.636 0.633 0.630 0.629 0.627 0.626 0.625 0.625 0.625 0.625 0.626 0.627 0.634 0.626 0.635 0.642 0.633 0.641 0.637 0.646 0.654 0.652 0.661 0.664 0.673 0.678 0.681 0.689 0.696 0.703 0.709 0.717 0.724 0.732 0.741 0.749 0.759 0.768 0.778 0.788 0.798 0.809 0.820 0.832 0.844 0.856 0.869 0.882 0.895 0.909 0.923 0.938 0.953 0.969 0.984 1.000 1.016 1.033 1.049 1.067 1.084 1.100 1.116 1.134 1.147 1.160 1.173 1.187 1.202 1.218 1.233 1.248 1.263 1.277 1.290 1.301 1.313 1.323 1.332 1.340 1.348 1.353 1.359 1.364 1.368 1.371 1.373 1.375 1.376 1.376 1.376 1.374 1.373 1.371 1.368 1.364 1.361 1.356 1.351 1.346 1.340 1.334 1.328 1.321 1.314 1.306 1.299 1.291 1.283 1.274 1.265 1.257 1.247 1.238 1.228 1.219 1.209 1.199 1.188 1.178 1.168 1.157 1.147 1.136 1.125 1.114 1.103 1.092 1.081 1.070 1.058 1.047 1.036 1.025 1.014 1.003 0.992 0.981 0.971 0.961 0.951 0.941 0.931 0.921 0.911 0.901 0.891 0.881 0.871 0.861 0.852 0.842 0.832 0.823 0.813 0.804 0.795 0.786 0.777 0.768 0.759 0.750 0.742 0.733 0.725 0.717 0.709 0.700 0.692 0.684 0.676 0.668 0.661 0.653 0.645 0.638 0.631 0.624 0.616 0.609 0.602 0.595 0.589 0.582 0.575 0.569 0.562 0.556 0.550 0.544 0.538 0.531 0.526 0.520 0.514 0.509 0.503 0.497 0.492 0.487 0.482 0.476 0.471 0.466 0.461 0.457 0.452 0.447 0.442 0.438 0.434 0.429 0.425 0.421 0.417 0.413 0.409 0.405 0.401 0.397 0.393 0.390 0.386 0.383 0.379 0.376 0.373 0.370 /Gy
dv:Sc/CellGeneric_abR2/HCP/Carbon/Alpha 	= 250 0.741 0.728 0.715 0.702 0.690 0.678 0.666 0.655 0.644 0.633 0.623 0.613 0.604 0.595 0.587 0.578 0.571 0.564 0.557 0.551 0.545 0.539 0.534 0.530 0.525 0.522 0.518 0.515 0.513 0.510 0.509 0.507 0.506 0.506 0.505 0.505 0.507 0.494 0.504 0.513 0.521 0.506 0.515 0.508 0.516 0.524 0.519 0.521 0.529 0.532 0.536 0.541 0.548 0.553 0.555 0.562 0.570 0.574 0.580 0.587 0.594 0.600 0.608 0.615 0.623 0.631 0.640 0.649 0.657 0.667 0.677 0.687 0.697 0.708 0.719 0.730 0.742 0.754 0.766 0.779 0.792 0.805 0.820 0.833 0.847 0.862 0.876 0.889 0.902 0.914 0.926 0.937 0.951 0.966 0.981 0.997 1.013 1.029 1.044 1.059 1.074 1.087 1.101 1.113 1.125 1.137 1.148 1.158 1.168 1.178 1.186 1.194 1.201 1.208 1.214 1.219 1.224 1.229 1.233 1.236 1.238 1.240 1.242 1.243 1.243 1.244 1.244 1.243 1.242 1.240 1.238 1.235 1.233 1.229 1.226 1.222 1.217 1.213 1.208 1.202 1.197 1.191 1.184 1.178 1.171 1.164 1.157 1.149 1.141 1.133 1.125 1.117 1.108 1.099 1.090 1.081 1.071 1.062 1.053 1.043 1.034 1.024 1.015 1.005 0.996 0.987 0.978 0.969 0.960 0.950 0.941 0.932 0.922 0.913 0.904 0.895 0.885 0.876 0.867 0.858 0.849 0.840 0.832 0.823 0.814 0.805 0.797 0.789 0.780 0.772 0.763 0.755 0.747 0.739 0.731 0.723 0.715 0.708 0.700 0.692 0.685 0.678 0.670 0.663 0.656 0.649 0.642 0.635 0.628 0.622 0.615 0.608 0.602 0.596 0.589 0.583 0.577 0.571 0.565 0.559 0.553 0.548 0.542 0.536 0.531 0.526 0.520 0.515 0.510 0.505 0.500 0.495 0.490 0.485 0.481 0.476 0.472 0.467 0.463 0.459 0.454 0.450 0.446 0.442 0.438 0.434 0.431 0.427 0.423 0.420 /Gy

dv:Sc/CellGeneric_abR2/HCP/Proton/Beta 	= 250 0.001 0.001 0.001 0.001 0.001 0.001 0.001 0.001 0.001 0.001 0.001 0.001 0.001 0.001 0.002 0.002 0.002 0.002 0.002 0.002 0.002 0.002 0.002 0.002 0.002 0.002 0.002 0.002 0.002 0.002 0.002 0.002 0.002 0.002 0.002 0.002 0.002 0.000 0.000 0.004 0.007 0.000 0.002 0.000 0.000 0.003 0.000 0.000 0.000 0.000 0.000 0.000 0.001 0.001 0.000 0.000 0.001 0.001 0.001 0.001 0.001 0.001 0.001 0.001 0.001 0.002 0.002 0.002 0.002 0.003 0.003 0.003 0.004 0.004 0.005 0.006 0.006 0.007 0.008 0.009 0.010 0.010 0.011 0.012 0.013 0.014 0.015 0.015 0.016 0.017 0.018 0.018 0.019 0.020 0.021 0.021 0.022 0.023 0.023 0.024 0.024 0.025 0.026 0.026 0.027 0.027 0.028 0.028 0.029 0.029 0.030 0.030 0.031 0.031 0.031 0.032 0.032 0.033 0.033 0.033 0.034 0.034 0.034 0.035 0.035 0.035 0.036 0.036 0.036 0.037 0.037 0.037 0.038 0.038 0.038 0.038 0.039 0.039 0.039 0.039 0.040 0.040 0.040 0.040 0.041 0.041 0.041 0.041 0.041 0.042 0.042 0.042 0.042 0.042 0.043 0.043 0.043 0.043 0.043 0.043 0.044 0.044 0.044 0.044 0.044 0.044 0.045 0.045 0.045 0.045 0.045 0.045 0.045 0.046 0.046 0.046 0.046 0.046 0.046 0.046 0.046 0.047 0.047 0.047 0.047 0.047 0.047 0.047 0.047 0.047 0.048 0.048 0.048 0.048 0.048 0.048 0.048 0.048 0.048 0.048 0.048 0.048 0.048 0.049 0.049 0.049 0.049 0.049 0.049 0.049 0.049 0.049 0.049 0.049 0.049 0.049 0.049 0.049 0.049 0.049 0.049 0.049 0.049 0.049 0.049 0.049 0.049 0.049 0.049 0.049 0.049 0.049 0.049 0.049 0.049 0.049 0.050 0.050 0.050 0.050 0.050 0.050 0.050 0.050 0.050 0.050 0.050 0.050 0.050 0.050 /Gy2
dv:Sc/CellGeneric_abR2/HCP/Helium/Beta 	= 250 0.001 0.001 0.001 0.001 0.001 0.001 0.001 0.001 0.001 0.001 0.001 0.001 0.001 0.001 0.001 0.001 0.001 0.001 0.001 0.001 0.001 0.001 0.001 0.001 0.001 0.001 0.001 0.001 0.001 0.001 0.001 0.001 0.001 0.001 0.001 0.001 0.001 0.000 0.000 0.002 0.003 0.000 0.001 0.000 0.000 0.001 0.000 0.000 0.000 0.000 0.000 0.000 0.000 0.001 0.000 0.000 0.001 0.000 0.000 0.000 0.000 0.000 0.000 0.000 0.000 0.000 0.000 0.000 0.000 0.000 0.000 0.001 0.001 0.001 0.001 0.001 0.001 0.001 0.002 0.002 0.002 0.002 0.003 0.003 0.004 0.004 0.005 0.006 0.006 0.007 0.007 0.008 0.009 0.009 0.010 0.011 0.011 0.012 0.013 0.014 0.014 0.015 0.016 0.016 0.017 0.017 0.018 0.019 0.019 0.020 0.020 0.021 0.022 0.022 0.023 0.023 0.024 0.024 0.025 0.025 0.026 0.026 0.027 0.027 0.028 0.028 0.028 0.029 0.029 0.030 0.030 0.030 0.031 0.031 0.032 0.032 0.032 0.033 0.033 0.033 0.034 0.034 0.034 0.034 0.035 0.035 0.035 0.036 0.036 0.036 0.036 0.037 0.037 0.037 0.037 0.038 0.038 0.038 0.038 0.039 0.039 0.039 0.039 0.039 0.040 0.040 0.040 0.040 0.040 0.041 0.041 0.041 0.041 0.041 0.041 0.042 0.042 0.042 0.042 0.042 0.042 0.043 0.043 0.043 0.043 0.043 0.043 0.043 0.044 0.044 0.044 0.044 0.044 0.044 0.044 0.044 0.045 0.045 0.045 0.045 0.045 0.045 0.045 0.045 0.045 0.046 0.046 0.046 0.046 0.046 0.046 0.046 0.046 0.046 0.046 0.046 0.047 0.047 0.047 0.047 0.047 0.047 0.047 0.047 0.047 0.047 0.047 0.047 0.047 0.048 0.048 0.048 0.048 0.048 0.048 0.048 0.048 0.048 0.048 0.048 0.048 0.048 0.048 0.048 0.048 0.048 0.048 0.048 0.049 0.049 /Gy2
dv:Sc/CellGeneric_abR2/HCP/Lithium/Beta 	= 250 0.000 0.000 0.000 0.000 0.000 0.000 0.000 0.000 0.000 0.000 0.000 0.000 0.000 0.000 0.000 0.000 0.000 0.000 0.000 0.000 0.000 0.000 0.000 0.000 0.000 0.000 0.000 0.000 0.000 0.000 0.000 0.000 0.000 0.000 0.000 0.000 0.000 0.000 0.000 0.001 0.002 0.000 0.000 0.000 0.000 0.001 0.000 0.000 0.000 0.000 0.000 0.000 0.000 0.000 0.000 0.000 0.000 0.000 0.000 0.000 0.000 0.000 0.000 0.000 0.000 0.000 0.000 0.000 0.000 0.000 0.000 0.000 0.000 0.000 0.000 0.000 0.000 0.000 0.000 0.000 0.001 0.001 0.001 0.001 0.001 0.001 0.001 0.002 0.002 0.002 0.003 0.003 0.003 0.004 0.004 0.005 0.005 0.006 0.007 0.007 0.008 0.008 0.009 0.010 0.010 0.011 0.011 0.012 0.013 0.013 0.014 0.014 0.015 0.016 0.016 0.017 0.017 0.018 0.019 0.019 0.020 0.020 0.021 0.021 0.022 0.022 0.023 0.023 0.024 0.024 0.025 0.025 0.026 0.026 0.026 0.027 0.027 0.028 0.028 0.029 0.029 0.029 0.030 0.030 0.030 0.031 0.031 0.031 0.032 0.032 0.032 0.033 0.033 0.033 0.034 0.034 0.034 0.035 0.035 0.035 0.035 0.036 0.036 0.036 0.036 0.037 0.037 0.037 0.037 0.038 0.038 0.038 0.038 0.038 0.039 0.039 0.039 0.039 0.039 0.040 0.040 0.040 0.040 0.040 0.040 0.041 0.041 0.041 0.041 0.041 0.041 0.042 0.042 0.042 0.042 0.042 0.042 0.042 0.043 0.043 0.043 0.043 0.043 0.043 0.043 0.043 0.044 0.044 0.044 0.044 0.044 0.044 0.044 0.044 0.044 0.045 0.045 0.045 0.045 0.045 0.045 0.045 0.045 0.045 0.045 0.045 0.046 0.046 0.046 0.046 0.046 0.046 0.046 0.046 0.046 0.046 0.046 0.046 0.046 0.046 0.047 0.047 0.047 0.047 0.047 0.047 0.047 0.047 0.047 0.047 /Gy2
dv:Sc/CellGeneric_abR2/HCP/Beryllium/Beta 	= 250 0.000 0.000 0.000 0.000 0.000 0.000 0.000 0.000 0.000 0.000 0.000 0.000 0.000 0.000 0.000 0.000 0.000 0.000 0.000 0.000 0.000 0.000 0.000 0.000 0.000 0.000 0.000 0.000 0.000 0.000 0.000 0.000 0.000 0.000 0.000 0.000 0.000 0.000 0.000 0.000 0.001 0.000 0.000 0.000 0.000 0.000 0.000 0.000 0.000 0.000 0.000 0.000 0.000 0.000 0.000 0.000 0.000 0.000 0.000 0.000 0.000 0.000 0.000 0.000 0.000 0.000 0.000 0.000 0.000 0.000 0.000 0.000 0.000 0.000 0.000 0.000 0.000 0.000 0.000 0.000 0.000 0.000 0.000 0.000 0.000 0.000 0.000 0.001 0.001 0.001 0.001 0.001 0.001 0.001 0.002 0.002 0.002 0.003 0.003 0.003 0.004 0.004 0.005 0.005 0.006 0.006 0.007 0.007 0.008 0.008 0.009 0.009 0.010 0.010 0.011 0.011 0.012 0.012 0.013 0.014 0.014 0.015 0.015 0.016 0.016 0.017 0.017 0.018 0.018 0.019 0.020 0.020 0.021 0.021 0.022 0.022 0.023 0.023 0.024 0.024 0.025 0.025 0.026 0.026 0.026 0.027 0.027 0.028 0.028 0.029 0.029 0.029 0.030 0.030 0.031 0.031 0.031 0.032 0.032 0.032 0.033 0.033 0.033 0.033 0.034 0.034 0.034 0.035 0.035 0.035 0.035 0.036 0.036 0.036 0.036 0.037 0.037 0.037 0.037 0.037 0.038 0.038 0.038 0.038 0.039 0.039 0.039 0.039 0.039 0.039 0.040 0.040 0.040 0.040 0.040 0.040 0.041 0.041 0.041 0.041 0.041 0.041 0.042 0.042 0.042 0.042 0.042 0.042 0.042 0.042 0.043 0.043 0.043 0.043 0.043 0.043 0.043 0.043 0.043 0.044 0.044 0.044 0.044 0.044 0.044 0.044 0.044 0.044 0.044 0.045 0.045 0.045 0.045 0.045 0.045 0.045 0.045 0.045 0.045 0.045 0.045 0.045 0.046 0.046 0.046 0.046 0.046 0.046 0.046 0.046 /Gy2
dv:Sc/CellGeneric_abR2/HCP/Boron/Beta 	= 250 0.000 0.000 0.000 0.000 0.000 0.000 0.000 0.000 0.000 0.000 0.000 0.000 0.000 0.000 0.000 0.000 0.000 0.000 0.000 0.000 0.000 0.000 0.000 0.000 0.000 0.000 0.000 0.000 0.000 0.000 0.000 0.000 0.000 0.000 0.000 0.000 0.000 0.000 0.000 0.000 0.000 0.000 0.000 0.000 0.000 0.000 0.000 0.000 0.000 0.000 0.000 0.000 0.000 0.000 0.000 0.000 0.000 0.000 0.000 0.000 0.000 0.000 0.000 0.000 0.000 0.000 0.000 0.000 0.000 0.000 0.000 0.000 0.000 0.000 0.000 0.000 0.000 0.000 0.000 0.000 0.000 0.000 0.000 0.000 0.000 0.000 0.000 0.000 0.000 0.000 0.001 0.001 0.001 0.001 0.001 0.001 0.002 0.002 0.002 0.002 0.003 0.003 0.003 0.004 0.004 0.004 0.005 0.005 0.006 0.006 0.007 0.007 0.007 0.008 0.008 0.009 0.009 0.010 0.010 0.011 0.011 0.012 0.013 0.013 0.014 0.014 0.015 0.015 0.016 0.016 0.017 0.017 0.018 0.018 0.019 0.019 0.020 0.021 0.021 0.022 0.022 0.023 0.023 0.024 0.024 0.025 0.025 0.026 0.026 0.026 0.027 0.027 0.028 0.028 0.029 0.029 0.029 0.030 0.030 0.030 0.031 0.031 0.031 0.032 0.032 0.032 0.033 0.033 0.033 0.034 0.034 0.034 0.034 0.035 0.035 0.035 0.035 0.036 0.036 0.036 0.036 0.037 0.037 0.037 0.037 0.037 0.038 0.038 0.038 0.038 0.038 0.039 0.039 0.039 0.039 0.039 0.040 0.040 0.040 0.040 0.040 0.040 0.041 0.041 0.041 0.041 0.041 0.041 0.041 0.041 0.042 0.042 0.042 0.042 0.042 0.042 0.042 0.042 0.043 0.043 0.043 0.043 0.043 0.043 0.043 0.043 0.043 0.044 0.044 0.044 0.044 0.044 0.044 0.044 0.044 0.044 0.044 0.044 0.044 0.045 0.045 0.045 0.045 0.045 0.045 0.045 0.045 0.045 0.045 0.045 /Gy2
dv:Sc/CellGeneric_abR2/HCP/Carbon/Beta 	= 250 0.000 0.000 0.000 0.000 0.000 0.000 0.000 0.000 0.000 0.000 0.000 0.000 0.000 0.000 0.000 0.000 0.000 0.000 0.000 0.000 0.000 0.000 0.000 0.000 0.000 0.000 0.000 0.000 0.000 0.000 0.000 0.000 0.000 0.000 0.000 0.000 0.000 0.000 0.000 0.000 0.000 0.000 0.000 0.000 0.000 0.000 0.000 0.000 0.000 0.000 0.000 0.000 0.000 0.000 0.000 0.000 0.000 0.000 0.000 0.000 0.000 0.000 0.000 0.000 0.000 0.000 0.000 0.000 0.000 0.000 0.000 0.000 0.000 0.000 0.000 0.000 0.000 0.000 0.000 0.000 0.000 0.000 0.000 0.000 0.000 0.000 0.000 0.000 0.000 0.000 0.000 0.000 0.000 0.000 0.000 0.000 0.000 0.001 0.001 0.001 0.001 0.001 0.001 0.001 0.002 0.002 0.002 0.002 0.003 0.003 0.003 0.004 0.004 0.004 0.005 0.005 0.005 0.006 0.006 0.006 0.007 0.007 0.008 0.008 0.009 0.009 0.010 0.010 0.011 0.011 0.012 0.012 0.013 0.013 0.014 0.014 0.015 0.015 0.016 0.016 0.017 0.017 0.018 0.019 0.019 0.020 0.020 0.021 0.021 0.022 0.022 0.023 0.023 0.024 0.024 0.025 0.025 0.026 0.026 0.027 0.027 0.028 0.028 0.028 0.029 0.029 0.029 0.030 0.030 0.030 0.031 0.031 0.031 0.032 0.032 0.032 0.033 0.033 0.033 0.033 0.034 0.034 0.034 0.035 0.035 0.035 0.035 0.036 0.036 0.036 0.036 0.037 0.037 0.037 0.037 0.037 0.038 0.038 0.038 0.038 0.038 0.039 0.039 0.039 0.039 0.039 0.039 0.040 0.040 0.040 0.040 0.040 0.040 0.040 0.041 0.041 0.041 0.041 0.041 0.041 0.041 0.042 0.042 0.042 0.042 0.042 0.042 0.042 0.042 0.042 0.043 0.043 0.043 0.043 0.043 0.043 0.043 0.043 0.043 0.043 0.043 0.044 0.044 0.044 0.044 0.044 0.044 0.044 0.044 0.044 /Gy2
