# LEM1 RBE scorer

s:Sc/tabulatedAlpha/Quantity                   = "RBE_TabulatedAlphaBeta"
s:Sc/tabulatedAlpha/Component                  = "Patient"
s:Sc/tabulatedAlpha/OutputQuantity             = "alpha"
d:Sc/tabulatedAlpha/PrescribedDose             = Sc/PrescribedDose Gy
sv:Sc/tabulatedAlpha/CellLines                 = Sc/CellLines
s:Sc/tabulatedAlpha/OutputType                 = Sim/DoseScorerOutputType
s:Sc/tabulatedAlpha/OutputFile                 = Sim/ScoreLabel + "_alpha_LEM"
s:Sc/tabulatedAlpha/IfOutputFileAlreadyExists  = "Overwrite"
s:Sc/tabulatedAlpha/ModelName                  = "HCP"

s:Sc/tabulatedBeta/Quantity                   = "RBE_TabulatedAlphaBeta"
s:Sc/tabulatedBeta/Component                  = "Patient"
s:Sc/tabulatedBeta/OutputQuantity             = "beta"
d:Sc/tabulatedBeta/PrescribedDose             = Sc/PrescribedDose Gy
sv:Sc/tabulatedBeta/CellLines                 = Sc/CellLines
s:Sc/tabulatedBeta/OutputType                 = Sim/DoseScorerOutputType
s:Sc/tabulatedBeta/OutputFile                 = Sim/ScoreLabel + "_beta_LEM"
s:Sc/tabulatedBeta/IfOutputFileAlreadyExists  = "Overwrite"
s:Sc/tabulatedBeta/ModelName                  = "HCP"

### HCP Tabulated ###
sv:Sc/CellGeneric_abR2/HCP/ParticleName 		= 6 "Proton" "Helium" "Lithium" "Beryllium" "Boron" "Carbon"
iv:Sc/CellGeneric_abR2/HCP/ParticleZ    		= 6 1 2 3 4 5 6
dv:Sc/CellGeneric_abR2/HCP/KineticEnergyPerNucleon 	= 47 0.100000 0.150000 0.200000 0.300000 0.400000 0.500000 0.700000 1.000000 1.200000 1.500000 2.000000 2.500000 3.000000 4.000000 5.000000 6.000000 7.000000 8.000000 10.000000 12.000000 15.000000 20.000000 25.000000 30.000000 40.000000 50.000000 60.000000 70.000000 80.000000 90.000000 100.000000 120.000000 130.000000 135.000000 150.000000 195.000000 200.000000 250.000000 270.000000 300.000000 330.000000 400.000000 500.000000 600.000000 700.000000 800.000000 1000.000000  MeV

dv:Sc/CellGeneric_abR2/HCP/Proton/Alpha 	= 47 2.738568 2.791301 2.825437 2.874249 2.908962 2.938455 2.964459 2.929700 2.852514 2.618368 2.189090 1.888068 1.676503 1.398132 1.220196 1.094418 0.999530 0.924645 0.812499 0.731203 0.642352 0.542057 0.468893 0.414705 0.338072 0.285189 0.245752 0.216521 0.195180 0.178934 0.166178 0.147405 0.140297 0.137156 0.129044 0.112406 0.111030 0.100322 0.097151 0.093180 0.089918 0.084160 0.078625 0.074833 0.072046 0.069893 0.066730 /Gy
dv:Sc/CellGeneric_abR2/HCP/Helium/Alpha 	= 47 2.466837 2.442104 2.438808 2.477467 2.534950 2.593009 2.677301 2.740100 2.756092 2.738818 2.567702 2.323467 2.117367 1.822414 1.624379 1.481113 1.371535 1.284261 1.152399 1.056051 0.950135 0.829996 0.743035 0.678502 0.587083 0.523878 0.476647 0.439527 0.409302 0.384011 0.362274 0.327008 0.312426 0.305735 0.287668 0.246454 0.242753 0.212145 0.202409 0.189744 0.179140 0.160852 0.143930 0.132813 0.124944 0.119074 0.110804 /Gy
dv:Sc/CellGeneric_abR2/HCP/Lithium/Alpha 	= 47 2.301701 2.230921 2.190915 2.172376 2.190301 2.223579 2.296565 2.395373 2.449256 2.503411 2.509348 2.397533 2.248088 1.995187 1.809572 1.669671 1.560046 1.471311 1.335118 1.234168 1.121957 0.993327 0.899864 0.830150 0.730922 0.662020 0.610382 0.569709 0.536530 0.508728 0.484820 0.445950 0.429846 0.422449 0.402454 0.356688 0.352565 0.318372 0.307452 0.293205 0.281005 0.258313 0.235104 0.218499 0.206022 0.196307 0.182033 /Gy
dv:Sc/CellGeneric_abR2/HCP/Beryllium/Alpha 	= 47 2.055271 1.919445 1.864217 1.860210 1.901134 1.950600 2.036986 2.135087 2.188580 2.251078 2.306496 2.292775 2.213947 2.033370 1.880950 1.758309 1.658398 1.575377 1.444659 1.345488 1.233281 1.102463 1.006392 0.934181 0.830695 0.758412 0.704038 0.661097 0.625999 0.596543 0.571191 0.529898 0.512762 0.504886 0.483574 0.434674 0.430260 0.393579 0.381832 0.366482 0.353308 0.328724 0.303433 0.285212 0.271425 0.260615 0.244589 /Gy
dv:Sc/CellGeneric_abR2/HCP/Boron/Alpha 		= 47 1.847010 1.680881 1.610078 1.590001 1.621732 1.664313 1.743305 1.840616 1.897352 1.969110 2.053357 2.096549 2.084131 1.984821 1.876812 1.780292 1.696860 1.624780 1.506951 1.414504 1.307198 1.179034 1.083271 1.010514 0.905258 0.831151 0.775131 0.730743 0.694374 0.663794 0.637443 0.594439 0.576563 0.568340 0.546072 0.494866 0.490235 0.451694 0.439327 0.423143 0.409233 0.383210 0.356330 0.336871 0.322078 0.310427 0.293052 /Gy
dv:Sc/CellGeneric_abR2/HCP/Carbon/Alpha 	= 47 1.674878 1.488306 1.406784 1.372421 1.394438 1.428841 1.496282 1.584755 1.638895 1.710479 1.803529 1.872191 1.905386 1.879962 1.819424 1.753569 1.690874 1.633383 1.534059 1.452309 1.353978 1.232563 1.139574 1.067902 0.962914 0.888222 0.831403 0.786191 0.749033 0.717718 0.690691 0.646486 0.628075 0.619600 0.596627 0.543683 0.538886 0.498909 0.486057 0.469221 0.454730 0.427568 0.399421 0.378970 0.363368 0.351038 0.332573 /Gy

dv:Sc/CellGeneric_abR2/HCP/Proton/Beta 		= 47 0.000355 0.000028 0.000053 0.000152 0.000165 0.000075 0.000158 0.001207 0.002694 0.006830 0.014275 0.019487 0.023146 0.027952 0.031016 0.033176 0.034801 0.036082 0.037994 0.039377 0.040884 0.042580 0.043813 0.044725 0.046013 0.046900 0.047560 0.048050 0.048407 0.048679 0.048892 0.049206 0.049325 0.049378 0.049513 0.049791 0.049814 0.049993 0.050046 0.050112 0.050167 0.050263 0.050355 0.050419 0.050465 0.050501 0.050554 /Gy2
dv:Sc/CellGeneric_abR2/HCP/Helium/Beta 		= 47 0.000288 0.000021 0.000039 0.000108 0.000109 0.000017 -0.000046 0.000205 0.000535 0.001496 0.005150 0.009829 0.013749 0.019329 0.023049 0.025721 0.027750 0.029355 0.031761 0.033502 0.035399 0.037528 0.039051 0.040173 0.041753 0.042838 0.043645 0.044277 0.044791 0.045220 0.045588 0.046184 0.046430 0.046543 0.046848 0.047541 0.047604 0.048118 0.048281 0.048494 0.048671 0.048978 0.049262 0.049448 0.049579 0.049678 0.049816 /Gy2
dv:Sc/CellGeneric_abR2/HCP/Lithium/Beta 	= 47 0.000250 0.000017 0.000031 0.000083 0.000079 0.000007 -0.000060 0.000033 0.000145 0.000485 0.001891 0.004871 0.008289 0.013849 0.017839 0.020797 0.023083 0.024908 0.027666 0.029671 0.031860 0.034315 0.036056 0.037336 0.039132 0.040362 0.041275 0.041989 0.042568 0.043052 0.043466 0.044137 0.044414 0.044541 0.044884 0.045665 0.045736 0.046317 0.046502 0.046744 0.046950 0.047334 0.047725 0.048005 0.048215 0.048379 0.048618 /Gy2
dv:Sc/CellGeneric_abR2/HCP/Beryllium/Beta 	= 47 0.000200 0.000013 0.000022 0.000060 0.000059 0.000004 -0.000052 0.000001 0.000056 0.000218 0.000886 0.002441 0.004961 0.009891 0.013826 0.016889 0.019321 0.021298 0.024328 0.026557 0.029005 0.031758 0.033701 0.035128 0.037123 0.038485 0.039492 0.040278 0.040915 0.041445 0.041899 0.042632 0.042935 0.043074 0.043448 0.044301 0.044378 0.045013 0.045215 0.045479 0.045705 0.046126 0.046558 0.046868 0.047102 0.047285 0.047556 /Gy2
dv:Sc/CellGeneric_abR2/HCP/Boron/Beta 		= 47 0.000161 0.000010 0.000017 0.000044 0.000043 0.000002 -0.000041 -0.000012 0.000015 0.000096 0.000436 0.001236 0.002870 0.006924 0.010578 0.013595 0.016075 0.018138 0.021367 0.023782 0.026464 0.029502 0.031643 0.033214 0.035408 0.036900 0.038000 0.038857 0.039548 0.040124 0.040615 0.041408 0.041735 0.041884 0.042288 0.043206 0.043289 0.043971 0.044188 0.044472 0.044715 0.045168 0.045634 0.045969 0.046223 0.046422 0.046719 /Gy2
dv:Sc/CellGeneric_abR2/HCP/Carbon/Beta 		= 47 0.000133 0.000008 0.000013 0.000033 0.000032 0.000001 -0.000031 -0.000014 0.000000 0.000043 0.000228 0.000664 0.001641 0.004761 0.007975 0.010812 0.013242 0.015321 0.018660 0.021216 0.024097 0.027400 0.029735 0.031452 0.033848 0.035473 0.036669 0.037597 0.038345 0.038966 0.039495 0.040347 0.040698 0.040858 0.041290 0.042272 0.042360 0.043087 0.043319 0.043621 0.043880 0.044363 0.044859 0.045216 0.045488 0.045702 0.046021 /Gy2
